rate:1e-3
4.281307793039036
train_loss: 4.189257521328964
train_loss: 4.135153242922205
train_loss: 4.101941174409521
train_loss: 4.060091558403856
train_loss: 4.018969070254348
train_loss: 3.9912081581401075
train_loss: 3.9561766911679364
train_loss: 3.9406605123534915
train_loss: 3.9162894477994423

rate:0.002
3.8815481926612705
3.8372730153351435
3.7864372174259233
3.7269335377357695
3.6704515817137104
rate:0.005
3.6589417118328833
3.5958622896624175
3.5474805676418804
3.479117008065989
3.420698539070461
rate:0.005
3.3983627204367295
3.342205676165494
3.3177960201685606
3.2984822602140103
3.261459393463587
rate:0.01
3.316647931521118
3.278661682200526
3.250855364347164
3.1948818142706226
3.1248976435114746
rate:0.01
rate:0.01
3.142980615612075
3.096689099850862
3.052917578474806
3.0278737083254126
2.992735241712789
rate:0.005
2.9058533454601
2.8565809166007363
2.8312935329708657
2.808417762221084
2.7925891612358242
rate:0.005
2.781199653629258
2.7506371670560874
2.74591831821698
2.714230321612754
2.7134881043151435
rate:0.001
2.6626361881791367
2.6287553494155644
2.6093124702513926
2.618593577810898
2.602137225418694
rate:0.005
rate:0.005
rate:0.005
rate:0.005
rate:0.005
rate:0.005
rate:0.005
rate:0.005
new arg added
3.150715331786235
3.0883473388762344
3.0474825602746294
3.004061119829713
3.0057225236779614
rate:0.005
2.9574973837660234
2.9319605181810884
2.917123558021817
2.902560964874599
2.889832843433727
rate:0.005
2.876015796962934
2.8465017711692178
2.8238364872725112
2.808531516154293
2.7885363026569956
rate:0.01
rate:0.01
added 2007
3.2695010398906437
3.230066348620451
3.1870866587253217
3.176413843540546
3.145043496225701
rate:0.01
3.118073805433805
3.09265162221721
3.0537052766872885
3.022315335404026
3.014017085885741
rate:0.005
2.8971373051242097
2.8487508798557553
2.826032885762512
2.7958226334201832
2.7928459790886424
rate:0.005
2.78620877682837
2.7599773245756745
2.733971678168396
2.7236185099909216
2.7108419931651464
rate:0.005
2.69440649148545
2.6743491917360025
2.661804397086628
2.66360902134838
2.6510657534573245
rate:0.002
2.5889127648593298
2.55738998631962
2.5329893319333188
2.5355247228197713
2.5219059167989615
rate:0.002
rate:0.001
2.496991396601734
2.485019028838215
rate:0.001
rate:0.001
2.5004618438215203
2.4749803302066575
2.473086847633612
2.4708269932230964
2.4703821165314137
rate:0.0005
2.4648648138906135
2.449451503857889
2.446078006524206
2.4442075406267345
2.441584809230325
rate:0.0005
2.435348458465983
2.4353456371794633
2.4382081390078603
2.4303725765702504
2.4300972912155214
rate:0.0001
2.413161890754283
2.3974012283028148
2.416388844531742
2.4188661119325565
2.4241453352195967
rate:1e-05
2.410299008335572
rate:1e-05
2.4113277416737353
2.420615376996212
2.4097007057054447
2.3975744582916216
2.412574097432725
rate:1e-05
rate:1e-05
rate:1e-05
rate:1e-06
2.401910401432892
2.426075508360003
2.4112710063574743
2.4056162879766663
2.4091129338806443
rate:1e-07
2.412460017074001
2.408309417344182
2.41060553450402
2.40485487218763
2.409634399283779
rate:1e-08
2.41721001723425
2.403936572413627
2.4220038202942393
2.4150855909279785
2.403805862033302
